17 19 : 137
10 27 : 98
8 12 : 85
27 10 : 74
19 17 : 70
15 23 : 55
52 53 : 51
3 32 : 47
12 17 : 46
9 18 : 46
54 55 : 46
19 8 : 45
0 25 : 44
23 15 : 44
46 47 : 44
48 49 : 43
6 37 : 38
2 26 : 37
22 31 : 37
38 40 : 36
42 43 : 36
4 35 : 35
39 41 : 33
1 29 : 31
31 22 : 28
18 10 : 27
5 36 : 26
27 9 : 26
53 52 : 24
14 28 : 22
47 46 : 20
50 51 : 18
55 54 : 15
33 34 : 15
44 45 : 13
49 48 : 12
28 14 : 12
23 33 : 11
31 14 : 10
34 15 : 10
56 57 : 9
5 48 : 7
51 46 : 7
53 44 : 7
2 25 : 3
1 32 : 3
0 26 : 2
3 29 : 2
