17 19 : 335
10 27 : 218
8 12 : 193
19 17 : 185
15 23 : 136
27 10 : 131
52 53 : 120
46 47 : 117
48 49 : 115
54 55 : 113
23 15 : 110
12 17 : 109
19 8 : 104
2 26 : 100
9 18 : 99
3 32 : 95
1 29 : 94
0 25 : 91
42 43 : 84
22 31 : 80
27 9 : 78
14 28 : 78
18 10 : 77
5 36 : 76
6 37 : 76
39 41 : 74
38 40 : 70
4 35 : 68
47 46 : 51
53 52 : 49
28 22 : 44
31 14 : 43
31 22 : 40
44 45 : 35
55 54 : 33
33 34 : 33
50 51 : 32
49 48 : 29
23 33 : 25
34 15 : 25
45 52 : 21
47 50 : 18
56 57 : 16
58 59 : 15
1 32 : 11
0 26 : 7
3 29 : 5
2 25 : 4
